53483.png 1 0 0 0 0 0 0 0 0 0
20983.png 1 0 0 0 0 0 0 0 0 0
12730.png 1 0 0 0 0 0 0 0 0 0
57034.png 1 0 0 0 0 0 0 0 0 0
15318.png 1 0 0 0 0 0 0 0 0 0
44027.png 1 0 0 0 0 0 0 0 0 0
31144.png 1 0 0 0 0 0 0 0 0 0
12052.png 1 0 0 0 0 0 0 0 0 0
14343.png 1 0 0 0 0 0 0 0 0 0
8365.png 1 0 0 0 0 0 0 0 0 0
28742.png 1 0 0 0 0 0 0 0 0 0
34783.png 1 0 0 0 0 0 0 0 0 0
14390.png 1 0 0 0 0 0 0 0 0 0
7396.png 1 0 0 0 0 0 0 0 0 0
23997.png 1 0 0 0 0 0 0 0 0 0
57900.png 1 0 0 0 0 0 0 0 0 0
940.png 1 0 0 0 0 0 0 0 0 0
39121.png 1 0 0 0 0 0 0 0 0 0
1463.png 1 0 0 0 0 0 0 0 0 0
2692.png 1 0 0 0 0 0 0 0 0 0
22970.png 1 0 0 0 0 0 0 0 0 0
39793.png 1 0 0 0 0 0 0 0 0 0
59473.png 1 0 0 0 0 0 0 0 0 0
50675.png 1 0 0 0 0 0 0 0 0 0
31087.png 1 0 0 0 0 0 0 0 0 0
40241.png 1 0 0 0 0 0 0 0 0 0
37519.png 1 0 0 0 0 0 0 0 0 0
4410.png 1 0 0 0 0 0 0 0 0 0
11114.png 1 0 0 0 0 0 0 0 0 0
49711.png 1 0 0 0 0 0 0 0 0 0
47320.png 1 0 0 0 0 0 0 0 0 0
8868.png 1 0 0 0 0 0 0 0 0 0
35820.png 1 0 0 0 0 0 0 0 0 0
40768.png 1 0 0 0 0 0 0 0 0 0
1664.png 1 0 0 0 0 0 0 0 0 0
48850.png 1 0 0 0 0 0 0 0 0 0
42908.png 1 0 0 0 0 0 0 0 0 0
25489.png 1 0 0 0 0 0 0 0 0 0
44035.png 1 0 0 0 0 0 0 0 0 0
50956.png 1 0 0 0 0 0 0 0 0 0
41019.png 1 0 0 0 0 0 0 0 0 0
52085.png 1 0 0 0 0 0 0 0 0 0
29364.png 1 0 0 0 0 0 0 0 0 0
19041.png 1 0 0 0 0 0 0 0 0 0
30160.png 1 0 0 0 0 0 0 0 0 0
51077.png 1 0 0 0 0 0 0 0 0 0
52375.png 1 0 0 0 0 0 0 0 0 0
24750.png 1 0 0 0 0 0 0 0 0 0
25786.png 1 0 0 0 0 0 0 0 0 0
23738.png 1 0 0 0 0 0 0 0 0 0
23297.png 1 0 0 0 0 0 0 0 0 0
29307.png 1 0 0 0 0 0 0 0 0 0
33728.png 1 0 0 0 0 0 0 0 0 0
56437.png 1 0 0 0 0 0 0 0 0 0
23978.png 1 0 0 0 0 0 0 0 0 0
52079.png 1 0 0 0 0 0 0 0 0 0
44975.png 1 0 0 0 0 0 0 0 0 0
4798.png 1 0 0 0 0 0 0 0 0 0
29219.png 1 0 0 0 0 0 0 0 0 0
22904.png 1 0 0 0 0 0 0 0 0 0
1632.png 1 0 0 0 0 0 0 0 0 0
20454.png 1 0 0 0 0 0 0 0 0 0
46637.png 1 0 0 0 0 0 0 0 0 0
41266.png 1 0 0 0 0 0 0 0 0 0
7347.png 1 0 0 0 0 0 0 0 0 0
40104.png 1 0 0 0 0 0 0 0 0 0
50767.png 1 0 0 0 0 0 0 0 0 0
13861.png 1 0 0 0 0 0 0 0 0 0
37334.png 1 0 0 0 0 0 0 0 0 0
39431.png 1 0 0 0 0 0 0 0 0 0
26824.png 1 0 0 0 0 0 0 0 0 0
40806.png 1 0 0 0 0 0 0 0 0 0
2021.png 1 0 0 0 0 0 0 0 0 0
35470.png 1 0 0 0 0 0 0 0 0 0
53087.png 1 0 0 0 0 0 0 0 0 0
41484.png 1 0 0 0 0 0 0 0 0 0
4060.png 1 0 0 0 0 0 0 0 0 0
15827.png 1 0 0 0 0 0 0 0 0 0
53680.png 1 0 0 0 0 0 0 0 0 0
37062.png 1 0 0 0 0 0 0 0 0 0
45559.png 1 0 0 0 0 0 0 0 0 0
56923.png 1 0 0 0 0 0 0 0 0 0
21903.png 1 0 0 0 0 0 0 0 0 0
45190.png 1 0 0 0 0 0 0 0 0 0
9616.png 1 0 0 0 0 0 0 0 0 0
5702.png 1 0 0 0 0 0 0 0 0 0
17103.png 1 0 0 0 0 0 0 0 0 0
46692.png 1 0 0 0 0 0 0 0 0 0
3382.png 1 0 0 0 0 0 0 0 0 0
37788.png 1 0 0 0 0 0 0 0 0 0
48197.png 1 0 0 0 0 0 0 0 0 0
35354.png 1 0 0 0 0 0 0 0 0 0
13712.png 1 0 0 0 0 0 0 0 0 0
30321.png 1 0 0 0 0 0 0 0 0 0
42231.png 1 0 0 0 0 0 0 0 0 0
40359.png 1 0 0 0 0 0 0 0 0 0
52532.png 1 0 0 0 0 0 0 0 0 0
54817.png 1 0 0 0 0 0 0 0 0 0
29606.png 1 0 0 0 0 0 0 0 0 0
57632.png 1 0 0 0 0 0 0 0 0 0
24762.png 0 1 0 0 0 0 0 0 0 0
29699.png 0 1 0 0 0 0 0 0 0 0
375.png 0 1 0 0 0 0 0 0 0 0
12849.png 0 1 0 0 0 0 0 0 0 0
31720.png 0 1 0 0 0 0 0 0 0 0
31151.png 0 1 0 0 0 0 0 0 0 0
56643.png 0 1 0 0 0 0 0 0 0 0
21118.png 0 1 0 0 0 0 0 0 0 0
50962.png 0 1 0 0 0 0 0 0 0 0
49562.png 0 1 0 0 0 0 0 0 0 0
15792.png 0 1 0 0 0 0 0 0 0 0
3505.png 0 1 0 0 0 0 0 0 0 0
15903.png 0 1 0 0 0 0 0 0 0 0
36593.png 0 1 0 0 0 0 0 0 0 0
15496.png 0 1 0 0 0 0 0 0 0 0
16770.png 0 1 0 0 0 0 0 0 0 0
45195.png 0 1 0 0 0 0 0 0 0 0
54318.png 0 1 0 0 0 0 0 0 0 0
24294.png 0 1 0 0 0 0 0 0 0 0
6831.png 0 1 0 0 0 0 0 0 0 0
33399.png 0 1 0 0 0 0 0 0 0 0
23837.png 0 1 0 0 0 0 0 0 0 0
25165.png 0 1 0 0 0 0 0 0 0 0
52541.png 0 1 0 0 0 0 0 0 0 0
58640.png 0 1 0 0 0 0 0 0 0 0
8566.png 0 1 0 0 0 0 0 0 0 0
855.png 0 1 0 0 0 0 0 0 0 0
17492.png 0 1 0 0 0 0 0 0 0 0
55048.png 0 1 0 0 0 0 0 0 0 0
41532.png 0 1 0 0 0 0 0 0 0 0
21331.png 0 1 0 0 0 0 0 0 0 0
16710.png 0 1 0 0 0 0 0 0 0 0
45434.png 0 1 0 0 0 0 0 0 0 0
20661.png 0 1 0 0 0 0 0 0 0 0
49232.png 0 1 0 0 0 0 0 0 0 0
38812.png 0 1 0 0 0 0 0 0 0 0
7722.png 0 1 0 0 0 0 0 0 0 0
53661.png 0 1 0 0 0 0 0 0 0 0
42410.png 0 1 0 0 0 0 0 0 0 0
18206.png 0 1 0 0 0 0 0 0 0 0
25975.png 0 1 0 0 0 0 0 0 0 0
54560.png 0 1 0 0 0 0 0 0 0 0
4050.png 0 1 0 0 0 0 0 0 0 0
29876.png 0 1 0 0 0 0 0 0 0 0
4528.png 0 1 0 0 0 0 0 0 0 0
13264.png 0 1 0 0 0 0 0 0 0 0
282.png 0 1 0 0 0 0 0 0 0 0
14912.png 0 1 0 0 0 0 0 0 0 0
49489.png 0 1 0 0 0 0 0 0 0 0
39933.png 0 1 0 0 0 0 0 0 0 0
39996.png 0 1 0 0 0 0 0 0 0 0
9774.png 0 1 0 0 0 0 0 0 0 0
19628.png 0 1 0 0 0 0 0 0 0 0
47370.png 0 1 0 0 0 0 0 0 0 0
12914.png 0 1 0 0 0 0 0 0 0 0
59670.png 0 1 0 0 0 0 0 0 0 0
52369.png 0 1 0 0 0 0 0 0 0 0
49561.png 0 1 0 0 0 0 0 0 0 0
16023.png 0 1 0 0 0 0 0 0 0 0
33693.png 0 1 0 0 0 0 0 0 0 0
20497.png 0 1 0 0 0 0 0 0 0 0
41398.png 0 1 0 0 0 0 0 0 0 0
40386.png 0 1 0 0 0 0 0 0 0 0
43908.png 0 1 0 0 0 0 0 0 0 0
35953.png 0 1 0 0 0 0 0 0 0 0
55135.png 0 1 0 0 0 0 0 0 0 0
52390.png 0 1 0 0 0 0 0 0 0 0
54437.png 0 1 0 0 0 0 0 0 0 0
7953.png 0 1 0 0 0 0 0 0 0 0
25488.png 0 1 0 0 0 0 0 0 0 0
31665.png 0 1 0 0 0 0 0 0 0 0
19181.png 0 1 0 0 0 0 0 0 0 0
44625.png 0 1 0 0 0 0 0 0 0 0
45946.png 0 1 0 0 0 0 0 0 0 0
1305.png 0 1 0 0 0 0 0 0 0 0
8305.png 0 1 0 0 0 0 0 0 0 0
12232.png 0 1 0 0 0 0 0 0 0 0
13924.png 0 1 0 0 0 0 0 0 0 0
19002.png 0 1 0 0 0 0 0 0 0 0
45030.png 0 1 0 0 0 0 0 0 0 0
51797.png 0 1 0 0 0 0 0 0 0 0
15394.png 0 1 0 0 0 0 0 0 0 0
21422.png 0 1 0 0 0 0 0 0 0 0
18311.png 0 1 0 0 0 0 0 0 0 0
44183.png 0 1 0 0 0 0 0 0 0 0
33845.png 0 1 0 0 0 0 0 0 0 0
22867.png 0 1 0 0 0 0 0 0 0 0
34287.png 0 1 0 0 0 0 0 0 0 0
11532.png 0 1 0 0 0 0 0 0 0 0
9322.png 0 1 0 0 0 0 0 0 0 0
32438.png 0 1 0 0 0 0 0 0 0 0
24003.png 0 1 0 0 0 0 0 0 0 0
59591.png 0 1 0 0 0 0 0 0 0 0
56172.png 0 1 0 0 0 0 0 0 0 0
2582.png 0 1 0 0 0 0 0 0 0 0
7300.png 0 1 0 0 0 0 0 0 0 0
32.png 0 1 0 0 0 0 0 0 0 0
52928.png 0 1 0 0 0 0 0 0 0 0
4099.png 0 1 0 0 0 0 0 0 0 0
41092.png 0 1 0 0 0 0 0 0 0 0
52938.png 0 0 1 0 0 0 0 0 0 0
2247.png 0 0 1 0 0 0 0 0 0 0
10651.png 0 0 1 0 0 0 0 0 0 0
34408.png 0 0 1 0 0 0 0 0 0 0
56093.png 0 0 1 0 0 0 0 0 0 0
48472.png 0 0 1 0 0 0 0 0 0 0
55258.png 0 0 1 0 0 0 0 0 0 0
34222.png 0 0 1 0 0 0 0 0 0 0
16900.png 0 0 1 0 0 0 0 0 0 0
20754.png 0 0 1 0 0 0 0 0 0 0
50118.png 0 0 1 0 0 0 0 0 0 0
37820.png 0 0 1 0 0 0 0 0 0 0
36184.png 0 0 1 0 0 0 0 0 0 0
57649.png 0 0 1 0 0 0 0 0 0 0
6026.png 0 0 1 0 0 0 0 0 0 0
39492.png 0 0 1 0 0 0 0 0 0 0
45244.png 0 0 1 0 0 0 0 0 0 0
36657.png 0 0 1 0 0 0 0 0 0 0
33442.png 0 0 1 0 0 0 0 0 0 0
36598.png 0 0 1 0 0 0 0 0 0 0
2812.png 0 0 1 0 0 0 0 0 0 0
33286.png 0 0 1 0 0 0 0 0 0 0
12267.png 0 0 1 0 0 0 0 0 0 0
47252.png 0 0 1 0 0 0 0 0 0 0
15929.png 0 0 1 0 0 0 0 0 0 0
12140.png 0 0 1 0 0 0 0 0 0 0
8169.png 0 0 1 0 0 0 0 0 0 0
47601.png 0 0 1 0 0 0 0 0 0 0
59848.png 0 0 1 0 0 0 0 0 0 0
35362.png 0 0 1 0 0 0 0 0 0 0
31759.png 0 0 1 0 0 0 0 0 0 0
59481.png 0 0 1 0 0 0 0 0 0 0
12250.png 0 0 1 0 0 0 0 0 0 0
34266.png 0 0 1 0 0 0 0 0 0 0
23719.png 0 0 1 0 0 0 0 0 0 0
41299.png 0 0 1 0 0 0 0 0 0 0
12877.png 0 0 1 0 0 0 0 0 0 0
46957.png 0 0 1 0 0 0 0 0 0 0
56050.png 0 0 1 0 0 0 0 0 0 0
6621.png 0 0 1 0 0 0 0 0 0 0
4830.png 0 0 1 0 0 0 0 0 0 0
51495.png 0 0 1 0 0 0 0 0 0 0
37008.png 0 0 1 0 0 0 0 0 0 0
43513.png 0 0 1 0 0 0 0 0 0 0
52171.png 0 0 1 0 0 0 0 0 0 0
21591.png 0 0 1 0 0 0 0 0 0 0
54730.png 0 0 1 0 0 0 0 0 0 0
17362.png 0 0 1 0 0 0 0 0 0 0
6626.png 0 0 1 0 0 0 0 0 0 0
2678.png 0 0 1 0 0 0 0 0 0 0
29714.png 0 0 1 0 0 0 0 0 0 0
37121.png 0 0 1 0 0 0 0 0 0 0
5166.png 0 0 1 0 0 0 0 0 0 0
41604.png 0 0 1 0 0 0 0 0 0 0
47273.png 0 0 1 0 0 0 0 0 0 0
13007.png 0 0 1 0 0 0 0 0 0 0
40176.png 0 0 1 0 0 0 0 0 0 0
59234.png 0 0 1 0 0 0 0 0 0 0
808.png 0 0 1 0 0 0 0 0 0 0
31371.png 0 0 1 0 0 0 0 0 0 0
23597.png 0 0 1 0 0 0 0 0 0 0
19270.png 0 0 1 0 0 0 0 0 0 0
42602.png 0 0 1 0 0 0 0 0 0 0
26213.png 0 0 1 0 0 0 0 0 0 0
44277.png 0 0 1 0 0 0 0 0 0 0
53320.png 0 0 1 0 0 0 0 0 0 0
34827.png 0 0 1 0 0 0 0 0 0 0
13891.png 0 0 1 0 0 0 0 0 0 0
13275.png 0 0 1 0 0 0 0 0 0 0
45109.png 0 0 1 0 0 0 0 0 0 0
59297.png 0 0 1 0 0 0 0 0 0 0
1500.png 0 0 1 0 0 0 0 0 0 0
34079.png 0 0 1 0 0 0 0 0 0 0
25172.png 0 0 1 0 0 0 0 0 0 0
12583.png 0 0 1 0 0 0 0 0 0 0
10155.png 0 0 1 0 0 0 0 0 0 0
48745.png 0 0 1 0 0 0 0 0 0 0
17832.png 0 0 1 0 0 0 0 0 0 0
46702.png 0 0 1 0 0 0 0 0 0 0
4367.png 0 0 1 0 0 0 0 0 0 0
7664.png 0 0 1 0 0 0 0 0 0 0
56488.png 0 0 1 0 0 0 0 0 0 0
2378.png 0 0 1 0 0 0 0 0 0 0
20645.png 0 0 1 0 0 0 0 0 0 0
44652.png 0 0 1 0 0 0 0 0 0 0
31237.png 0 0 1 0 0 0 0 0 0 0
33899.png 0 0 1 0 0 0 0 0 0 0
30628.png 0 0 1 0 0 0 0 0 0 0
36293.png 0 0 1 0 0 0 0 0 0 0
53480.png 0 0 1 0 0 0 0 0 0 0
49342.png 0 0 1 0 0 0 0 0 0 0
45360.png 0 0 1 0 0 0 0 0 0 0
54950.png 0 0 1 0 0 0 0 0 0 0
36581.png 0 0 1 0 0 0 0 0 0 0
53758.png 0 0 1 0 0 0 0 0 0 0
54421.png 0 0 1 0 0 0 0 0 0 0
13250.png 0 0 1 0 0 0 0 0 0 0
800.png 0 0 1 0 0 0 0 0 0 0
52212.png 0 0 1 0 0 0 0 0 0 0
957.png 0 0 1 0 0 0 0 0 0 0
20151.png 0 0 0 1 0 0 0 0 0 0
9892.png 0 0 0 1 0 0 0 0 0 0
7946.png 0 0 0 1 0 0 0 0 0 0
40852.png 0 0 0 1 0 0 0 0 0 0
370.png 0 0 0 1 0 0 0 0 0 0
23658.png 0 0 0 1 0 0 0 0 0 0
47823.png 0 0 0 1 0 0 0 0 0 0
42920.png 0 0 0 1 0 0 0 0 0 0
51887.png 0 0 0 1 0 0 0 0 0 0
23735.png 0 0 0 1 0 0 0 0 0 0
54814.png 0 0 0 1 0 0 0 0 0 0
59255.png 0 0 0 1 0 0 0 0 0 0
51877.png 0 0 0 1 0 0 0 0 0 0
42953.png 0 0 0 1 0 0 0 0 0 0
42548.png 0 0 0 1 0 0 0 0 0 0
37110.png 0 0 0 1 0 0 0 0 0 0
7872.png 0 0 0 1 0 0 0 0 0 0
17615.png 0 0 0 1 0 0 0 0 0 0
6753.png 0 0 0 1 0 0 0 0 0 0
35293.png 0 0 0 1 0 0 0 0 0 0
32423.png 0 0 0 1 0 0 0 0 0 0
20117.png 0 0 0 1 0 0 0 0 0 0
17046.png 0 0 0 1 0 0 0 0 0 0
53752.png 0 0 0 1 0 0 0 0 0 0
21299.png 0 0 0 1 0 0 0 0 0 0
14735.png 0 0 0 1 0 0 0 0 0 0
59190.png 0 0 0 1 0 0 0 0 0 0
30809.png 0 0 0 1 0 0 0 0 0 0
19631.png 0 0 0 1 0 0 0 0 0 0
9163.png 0 0 0 1 0 0 0 0 0 0
41012.png 0 0 0 1 0 0 0 0 0 0
2559.png 0 0 0 1 0 0 0 0 0 0
48849.png 0 0 0 1 0 0 0 0 0 0
29810.png 0 0 0 1 0 0 0 0 0 0
12190.png 0 0 0 1 0 0 0 0 0 0
43428.png 0 0 0 1 0 0 0 0 0 0
18954.png 0 0 0 1 0 0 0 0 0 0
33903.png 0 0 0 1 0 0 0 0 0 0
56825.png 0 0 0 1 0 0 0 0 0 0
30784.png 0 0 0 1 0 0 0 0 0 0
18408.png 0 0 0 1 0 0 0 0 0 0
16273.png 0 0 0 1 0 0 0 0 0 0
49618.png 0 0 0 1 0 0 0 0 0 0
37675.png 0 0 0 1 0 0 0 0 0 0
55833.png 0 0 0 1 0 0 0 0 0 0
33612.png 0 0 0 1 0 0 0 0 0 0
995.png 0 0 0 1 0 0 0 0 0 0
52529.png 0 0 0 1 0 0 0 0 0 0
24276.png 0 0 0 1 0 0 0 0 0 0
28697.png 0 0 0 1 0 0 0 0 0 0
10918.png 0 0 0 1 0 0 0 0 0 0
21510.png 0 0 0 1 0 0 0 0 0 0
12147.png 0 0 0 1 0 0 0 0 0 0
258.png 0 0 0 1 0 0 0 0 0 0
24751.png 0 0 0 1 0 0 0 0 0 0
19929.png 0 0 0 1 0 0 0 0 0 0
41853.png 0 0 0 1 0 0 0 0 0 0
2781.png 0 0 0 1 0 0 0 0 0 0
34590.png 0 0 0 1 0 0 0 0 0 0
2141.png 0 0 0 1 0 0 0 0 0 0
9624.png 0 0 0 1 0 0 0 0 0 0
5592.png 0 0 0 1 0 0 0 0 0 0
53324.png 0 0 0 1 0 0 0 0 0 0
6492.png 0 0 0 1 0 0 0 0 0 0
29701.png 0 0 0 1 0 0 0 0 0 0
49855.png 0 0 0 1 0 0 0 0 0 0
12965.png 0 0 0 1 0 0 0 0 0 0
16289.png 0 0 0 1 0 0 0 0 0 0
14386.png 0 0 0 1 0 0 0 0 0 0
49786.png 0 0 0 1 0 0 0 0 0 0
46594.png 0 0 0 1 0 0 0 0 0 0
52991.png 0 0 0 1 0 0 0 0 0 0
9667.png 0 0 0 1 0 0 0 0 0 0
18414.png 0 0 0 1 0 0 0 0 0 0
49979.png 0 0 0 1 0 0 0 0 0 0
16817.png 0 0 0 1 0 0 0 0 0 0
58401.png 0 0 0 1 0 0 0 0 0 0
30668.png 0 0 0 1 0 0 0 0 0 0
44381.png 0 0 0 1 0 0 0 0 0 0
37973.png 0 0 0 1 0 0 0 0 0 0
5129.png 0 0 0 1 0 0 0 0 0 0
52606.png 0 0 0 1 0 0 0 0 0 0
12449.png 0 0 0 1 0 0 0 0 0 0
54093.png 0 0 0 1 0 0 0 0 0 0
36890.png 0 0 0 1 0 0 0 0 0 0
38383.png 0 0 0 1 0 0 0 0 0 0
25716.png 0 0 0 1 0 0 0 0 0 0
57865.png 0 0 0 1 0 0 0 0 0 0
6089.png 0 0 0 1 0 0 0 0 0 0
39140.png 0 0 0 1 0 0 0 0 0 0
5720.png 0 0 0 1 0 0 0 0 0 0
21103.png 0 0 0 1 0 0 0 0 0 0
7200.png 0 0 0 1 0 0 0 0 0 0
7749.png 0 0 0 1 0 0 0 0 0 0
16120.png 0 0 0 1 0 0 0 0 0 0
48306.png 0 0 0 1 0 0 0 0 0 0
35398.png 0 0 0 1 0 0 0 0 0 0
21826.png 0 0 0 1 0 0 0 0 0 0
16522.png 0 0 0 1 0 0 0 0 0 0
10321.png 0 0 0 1 0 0 0 0 0 0
34793.png 0 0 0 0 1 0 0 0 0 0
28875.png 0 0 0 0 1 0 0 0 0 0
44962.png 0 0 0 0 1 0 0 0 0 0
4156.png 0 0 0 0 1 0 0 0 0 0
16024.png 0 0 0 0 1 0 0 0 0 0
55428.png 0 0 0 0 1 0 0 0 0 0
12826.png 0 0 0 0 1 0 0 0 0 0
20044.png 0 0 0 0 1 0 0 0 0 0
38242.png 0 0 0 0 1 0 0 0 0 0
9949.png 0 0 0 0 1 0 0 0 0 0
53753.png 0 0 0 0 1 0 0 0 0 0
24797.png 0 0 0 0 1 0 0 0 0 0
30616.png 0 0 0 0 1 0 0 0 0 0
17632.png 0 0 0 0 1 0 0 0 0 0
27100.png 0 0 0 0 1 0 0 0 0 0
15426.png 0 0 0 0 1 0 0 0 0 0
47868.png 0 0 0 0 1 0 0 0 0 0
1516.png 0 0 0 0 1 0 0 0 0 0
22343.png 0 0 0 0 1 0 0 0 0 0
35378.png 0 0 0 0 1 0 0 0 0 0
31953.png 0 0 0 0 1 0 0 0 0 0
22124.png 0 0 0 0 1 0 0 0 0 0
46824.png 0 0 0 0 1 0 0 0 0 0
26897.png 0 0 0 0 1 0 0 0 0 0
25114.png 0 0 0 0 1 0 0 0 0 0
20964.png 0 0 0 0 1 0 0 0 0 0
33004.png 0 0 0 0 1 0 0 0 0 0
39626.png 0 0 0 0 1 0 0 0 0 0
22546.png 0 0 0 0 1 0 0 0 0 0
8117.png 0 0 0 0 1 0 0 0 0 0
6603.png 0 0 0 0 1 0 0 0 0 0
11888.png 0 0 0 0 1 0 0 0 0 0
22857.png 0 0 0 0 1 0 0 0 0 0
9395.png 0 0 0 0 1 0 0 0 0 0
20154.png 0 0 0 0 1 0 0 0 0 0
86.png 0 0 0 0 1 0 0 0 0 0
19261.png 0 0 0 0 1 0 0 0 0 0
18054.png 0 0 0 0 1 0 0 0 0 0
41788.png 0 0 0 0 1 0 0 0 0 0
9950.png 0 0 0 0 1 0 0 0 0 0
56551.png 0 0 0 0 1 0 0 0 0 0
58887.png 0 0 0 0 1 0 0 0 0 0
6993.png 0 0 0 0 1 0 0 0 0 0
32186.png 0 0 0 0 1 0 0 0 0 0
8654.png 0 0 0 0 1 0 0 0 0 0
18560.png 0 0 0 0 1 0 0 0 0 0
9655.png 0 0 0 0 1 0 0 0 0 0
27848.png 0 0 0 0 1 0 0 0 0 0
55654.png 0 0 0 0 1 0 0 0 0 0
17570.png 0 0 0 0 1 0 0 0 0 0
29396.png 0 0 0 0 1 0 0 0 0 0
25781.png 0 0 0 0 1 0 0 0 0 0
20956.png 0 0 0 0 1 0 0 0 0 0
20610.png 0 0 0 0 1 0 0 0 0 0
53043.png 0 0 0 0 1 0 0 0 0 0
38511.png 0 0 0 0 1 0 0 0 0 0
27372.png 0 0 0 0 1 0 0 0 0 0
28250.png 0 0 0 0 1 0 0 0 0 0
16891.png 0 0 0 0 1 0 0 0 0 0
29329.png 0 0 0 0 1 0 0 0 0 0
40650.png 0 0 0 0 1 0 0 0 0 0
31239.png 0 0 0 0 1 0 0 0 0 0
10982.png 0 0 0 0 1 0 0 0 0 0
14263.png 0 0 0 0 1 0 0 0 0 0
15645.png 0 0 0 0 1 0 0 0 0 0
5790.png 0 0 0 0 1 0 0 0 0 0
39615.png 0 0 0 0 1 0 0 0 0 0
44894.png 0 0 0 0 1 0 0 0 0 0
8720.png 0 0 0 0 1 0 0 0 0 0
6203.png 0 0 0 0 1 0 0 0 0 0
42665.png 0 0 0 0 1 0 0 0 0 0
33725.png 0 0 0 0 1 0 0 0 0 0
40631.png 0 0 0 0 1 0 0 0 0 0
6103.png 0 0 0 0 1 0 0 0 0 0
34737.png 0 0 0 0 1 0 0 0 0 0
52992.png 0 0 0 0 1 0 0 0 0 0
30156.png 0 0 0 0 1 0 0 0 0 0
27935.png 0 0 0 0 1 0 0 0 0 0
24485.png 0 0 0 0 1 0 0 0 0 0
33796.png 0 0 0 0 1 0 0 0 0 0
7404.png 0 0 0 0 1 0 0 0 0 0
44516.png 0 0 0 0 1 0 0 0 0 0
14584.png 0 0 0 0 1 0 0 0 0 0
57801.png 0 0 0 0 1 0 0 0 0 0
34431.png 0 0 0 0 1 0 0 0 0 0
17513.png 0 0 0 0 1 0 0 0 0 0
54685.png 0 0 0 0 1 0 0 0 0 0
7828.png 0 0 0 0 1 0 0 0 0 0
41839.png 0 0 0 0 1 0 0 0 0 0
9562.png 0 0 0 0 1 0 0 0 0 0
39209.png 0 0 0 0 1 0 0 0 0 0
6206.png 0 0 0 0 1 0 0 0 0 0
25879.png 0 0 0 0 1 0 0 0 0 0
9638.png 0 0 0 0 1 0 0 0 0 0
40981.png 0 0 0 0 1 0 0 0 0 0
46722.png 0 0 0 0 1 0 0 0 0 0
44553.png 0 0 0 0 1 0 0 0 0 0
41823.png 0 0 0 0 1 0 0 0 0 0
33296.png 0 0 0 0 1 0 0 0 0 0
36292.png 0 0 0 0 1 0 0 0 0 0
43115.png 0 0 0 0 0 1 0 0 0 0
18427.png 0 0 0 0 0 1 0 0 0 0
45499.png 0 0 0 0 0 1 0 0 0 0
36259.png 0 0 0 0 0 1 0 0 0 0
39783.png 0 0 0 0 0 1 0 0 0 0
18958.png 0 0 0 0 0 1 0 0 0 0
30231.png 0 0 0 0 0 1 0 0 0 0
15709.png 0 0 0 0 0 1 0 0 0 0
34186.png 0 0 0 0 0 1 0 0 0 0
35471.png 0 0 0 0 0 1 0 0 0 0
41812.png 0 0 0 0 0 1 0 0 0 0
4535.png 0 0 0 0 0 1 0 0 0 0
41817.png 0 0 0 0 0 1 0 0 0 0
22424.png 0 0 0 0 0 1 0 0 0 0
41400.png 0 0 0 0 0 1 0 0 0 0
40717.png 0 0 0 0 0 1 0 0 0 0
26949.png 0 0 0 0 0 1 0 0 0 0
29566.png 0 0 0 0 0 1 0 0 0 0
14931.png 0 0 0 0 0 1 0 0 0 0
28777.png 0 0 0 0 0 1 0 0 0 0
56092.png 0 0 0 0 0 1 0 0 0 0
43000.png 0 0 0 0 0 1 0 0 0 0
43103.png 0 0 0 0 0 1 0 0 0 0
32122.png 0 0 0 0 0 1 0 0 0 0
4960.png 0 0 0 0 0 1 0 0 0 0
26753.png 0 0 0 0 0 1 0 0 0 0
31273.png 0 0 0 0 0 1 0 0 0 0
36673.png 0 0 0 0 0 1 0 0 0 0
29795.png 0 0 0 0 0 1 0 0 0 0
48900.png 0 0 0 0 0 1 0 0 0 0
12223.png 0 0 0 0 0 1 0 0 0 0
58723.png 0 0 0 0 0 1 0 0 0 0
26987.png 0 0 0 0 0 1 0 0 0 0
11437.png 0 0 0 0 0 1 0 0 0 0
53204.png 0 0 0 0 0 1 0 0 0 0
46890.png 0 0 0 0 0 1 0 0 0 0
46096.png 0 0 0 0 0 1 0 0 0 0
38790.png 0 0 0 0 0 1 0 0 0 0
18928.png 0 0 0 0 0 1 0 0 0 0
59406.png 0 0 0 0 0 1 0 0 0 0
54956.png 0 0 0 0 0 1 0 0 0 0
23665.png 0 0 0 0 0 1 0 0 0 0
4009.png 0 0 0 0 0 1 0 0 0 0
49552.png 0 0 0 0 0 1 0 0 0 0
29402.png 0 0 0 0 0 1 0 0 0 0
58782.png 0 0 0 0 0 1 0 0 0 0
44301.png 0 0 0 0 0 1 0 0 0 0
1157.png 0 0 0 0 0 1 0 0 0 0
33154.png 0 0 0 0 0 1 0 0 0 0
47544.png 0 0 0 0 0 1 0 0 0 0
54469.png 0 0 0 0 0 1 0 0 0 0
43315.png 0 0 0 0 0 1 0 0 0 0
53306.png 0 0 0 0 0 1 0 0 0 0
11933.png 0 0 0 0 0 1 0 0 0 0
2242.png 0 0 0 0 0 1 0 0 0 0
42317.png 0 0 0 0 0 1 0 0 0 0
39712.png 0 0 0 0 0 1 0 0 0 0
1983.png 0 0 0 0 0 1 0 0 0 0
37527.png 0 0 0 0 0 1 0 0 0 0
21436.png 0 0 0 0 0 1 0 0 0 0
15362.png 0 0 0 0 0 1 0 0 0 0
19958.png 0 0 0 0 0 1 0 0 0 0
6760.png 0 0 0 0 0 1 0 0 0 0
14185.png 0 0 0 0 0 1 0 0 0 0
6048.png 0 0 0 0 0 1 0 0 0 0
45083.png 0 0 0 0 0 1 0 0 0 0
1942.png 0 0 0 0 0 1 0 0 0 0
24687.png 0 0 0 0 0 1 0 0 0 0
24495.png 0 0 0 0 0 1 0 0 0 0
26587.png 0 0 0 0 0 1 0 0 0 0
59637.png 0 0 0 0 0 1 0 0 0 0
11314.png 0 0 0 0 0 1 0 0 0 0
16658.png 0 0 0 0 0 1 0 0 0 0
15207.png 0 0 0 0 0 1 0 0 0 0
30095.png 0 0 0 0 0 1 0 0 0 0
5303.png 0 0 0 0 0 1 0 0 0 0
33986.png 0 0 0 0 0 1 0 0 0 0
58901.png 0 0 0 0 0 1 0 0 0 0
10072.png 0 0 0 0 0 1 0 0 0 0
16358.png 0 0 0 0 0 1 0 0 0 0
38966.png 0 0 0 0 0 1 0 0 0 0
35775.png 0 0 0 0 0 1 0 0 0 0
13316.png 0 0 0 0 0 1 0 0 0 0
37676.png 0 0 0 0 0 1 0 0 0 0
8675.png 0 0 0 0 0 1 0 0 0 0
47629.png 0 0 0 0 0 1 0 0 0 0
11043.png 0 0 0 0 0 1 0 0 0 0
20090.png 0 0 0 0 0 1 0 0 0 0
36126.png 0 0 0 0 0 1 0 0 0 0
28857.png 0 0 0 0 0 1 0 0 0 0
56018.png 0 0 0 0 0 1 0 0 0 0
26503.png 0 0 0 0 0 1 0 0 0 0
56929.png 0 0 0 0 0 1 0 0 0 0
28442.png 0 0 0 0 0 1 0 0 0 0
58296.png 0 0 0 0 0 1 0 0 0 0
25774.png 0 0 0 0 0 1 0 0 0 0
23668.png 0 0 0 0 0 1 0 0 0 0
36191.png 0 0 0 0 0 1 0 0 0 0
27690.png 0 0 0 0 0 1 0 0 0 0
18576.png 0 0 0 0 0 1 0 0 0 0
10733.png 0 0 0 0 0 0 1 0 0 0
39370.png 0 0 0 0 0 0 1 0 0 0
37638.png 0 0 0 0 0 0 1 0 0 0
53030.png 0 0 0 0 0 0 1 0 0 0
45863.png 0 0 0 0 0 0 1 0 0 0
56948.png 0 0 0 0 0 0 1 0 0 0
718.png 0 0 0 0 0 0 1 0 0 0
26595.png 0 0 0 0 0 0 1 0 0 0
40549.png 0 0 0 0 0 0 1 0 0 0
57919.png 0 0 0 0 0 0 1 0 0 0
46970.png 0 0 0 0 0 0 1 0 0 0
5508.png 0 0 0 0 0 0 1 0 0 0
56892.png 0 0 0 0 0 0 1 0 0 0
49836.png 0 0 0 0 0 0 1 0 0 0
38723.png 0 0 0 0 0 0 1 0 0 0
56229.png 0 0 0 0 0 0 1 0 0 0
8949.png 0 0 0 0 0 0 1 0 0 0
10946.png 0 0 0 0 0 0 1 0 0 0
13838.png 0 0 0 0 0 0 1 0 0 0
15116.png 0 0 0 0 0 0 1 0 0 0
21264.png 0 0 0 0 0 0 1 0 0 0
9323.png 0 0 0 0 0 0 1 0 0 0
10837.png 0 0 0 0 0 0 1 0 0 0
52035.png 0 0 0 0 0 0 1 0 0 0
209.png 0 0 0 0 0 0 1 0 0 0
11070.png 0 0 0 0 0 0 1 0 0 0
35977.png 0 0 0 0 0 0 1 0 0 0
51939.png 0 0 0 0 0 0 1 0 0 0
18342.png 0 0 0 0 0 0 1 0 0 0
51135.png 0 0 0 0 0 0 1 0 0 0
26243.png 0 0 0 0 0 0 1 0 0 0
56255.png 0 0 0 0 0 0 1 0 0 0
10794.png 0 0 0 0 0 0 1 0 0 0
26419.png 0 0 0 0 0 0 1 0 0 0
2939.png 0 0 0 0 0 0 1 0 0 0
25761.png 0 0 0 0 0 0 1 0 0 0
35492.png 0 0 0 0 0 0 1 0 0 0
51665.png 0 0 0 0 0 0 1 0 0 0
47434.png 0 0 0 0 0 0 1 0 0 0
53984.png 0 0 0 0 0 0 1 0 0 0
13932.png 0 0 0 0 0 0 1 0 0 0
286.png 0 0 0 0 0 0 1 0 0 0
17019.png 0 0 0 0 0 0 1 0 0 0
44329.png 0 0 0 0 0 0 1 0 0 0
14622.png 0 0 0 0 0 0 1 0 0 0
42712.png 0 0 0 0 0 0 1 0 0 0
6179.png 0 0 0 0 0 0 1 0 0 0
38677.png 0 0 0 0 0 0 1 0 0 0
43390.png 0 0 0 0 0 0 1 0 0 0
20316.png 0 0 0 0 0 0 1 0 0 0
23216.png 0 0 0 0 0 0 1 0 0 0
15830.png 0 0 0 0 0 0 1 0 0 0
31685.png 0 0 0 0 0 0 1 0 0 0
21956.png 0 0 0 0 0 0 1 0 0 0
54744.png 0 0 0 0 0 0 1 0 0 0
6003.png 0 0 0 0 0 0 1 0 0 0
38475.png 0 0 0 0 0 0 1 0 0 0
51483.png 0 0 0 0 0 0 1 0 0 0
46311.png 0 0 0 0 0 0 1 0 0 0
21620.png 0 0 0 0 0 0 1 0 0 0
29296.png 0 0 0 0 0 0 1 0 0 0
41379.png 0 0 0 0 0 0 1 0 0 0
25146.png 0 0 0 0 0 0 1 0 0 0
12337.png 0 0 0 0 0 0 1 0 0 0
24418.png 0 0 0 0 0 0 1 0 0 0
17957.png 0 0 0 0 0 0 1 0 0 0
42778.png 0 0 0 0 0 0 1 0 0 0
16475.png 0 0 0 0 0 0 1 0 0 0
37699.png 0 0 0 0 0 0 1 0 0 0
7823.png 0 0 0 0 0 0 1 0 0 0
40613.png 0 0 0 0 0 0 1 0 0 0
2796.png 0 0 0 0 0 0 1 0 0 0
28188.png 0 0 0 0 0 0 1 0 0 0
13414.png 0 0 0 0 0 0 1 0 0 0
10052.png 0 0 0 0 0 0 1 0 0 0
35119.png 0 0 0 0 0 0 1 0 0 0
47671.png 0 0 0 0 0 0 1 0 0 0
43027.png 0 0 0 0 0 0 1 0 0 0
27464.png 0 0 0 0 0 0 1 0 0 0
12168.png 0 0 0 0 0 0 1 0 0 0
52309.png 0 0 0 0 0 0 1 0 0 0
38747.png 0 0 0 0 0 0 1 0 0 0
30644.png 0 0 0 0 0 0 1 0 0 0
51873.png 0 0 0 0 0 0 1 0 0 0
14027.png 0 0 0 0 0 0 1 0 0 0
21763.png 0 0 0 0 0 0 1 0 0 0
32521.png 0 0 0 0 0 0 1 0 0 0
25340.png 0 0 0 0 0 0 1 0 0 0
48497.png 0 0 0 0 0 0 1 0 0 0
19588.png 0 0 0 0 0 0 1 0 0 0
41399.png 0 0 0 0 0 0 1 0 0 0
9045.png 0 0 0 0 0 0 1 0 0 0
34621.png 0 0 0 0 0 0 1 0 0 0
19128.png 0 0 0 0 0 0 1 0 0 0
35983.png 0 0 0 0 0 0 1 0 0 0
10211.png 0 0 0 0 0 0 1 0 0 0
32918.png 0 0 0 0 0 0 1 0 0 0
47858.png 0 0 0 0 0 0 1 0 0 0
15600.png 0 0 0 0 0 0 1 0 0 0
55420.png 0 0 0 0 0 0 1 0 0 0
1352.png 0 0 0 0 0 0 0 1 0 0
17648.png 0 0 0 0 0 0 0 1 0 0
43896.png 0 0 0 0 0 0 0 1 0 0
34282.png 0 0 0 0 0 0 0 1 0 0
23785.png 0 0 0 0 0 0 0 1 0 0
13304.png 0 0 0 0 0 0 0 1 0 0
40723.png 0 0 0 0 0 0 0 1 0 0
33374.png 0 0 0 0 0 0 0 1 0 0
34707.png 0 0 0 0 0 0 0 1 0 0
22625.png 0 0 0 0 0 0 0 1 0 0
34708.png 0 0 0 0 0 0 0 1 0 0
42284.png 0 0 0 0 0 0 0 1 0 0
34717.png 0 0 0 0 0 0 0 1 0 0
36260.png 0 0 0 0 0 0 0 1 0 0
329.png 0 0 0 0 0 0 0 1 0 0
12759.png 0 0 0 0 0 0 0 1 0 0
38067.png 0 0 0 0 0 0 0 1 0 0
32487.png 0 0 0 0 0 0 0 1 0 0
10225.png 0 0 0 0 0 0 0 1 0 0
7989.png 0 0 0 0 0 0 0 1 0 0
20792.png 0 0 0 0 0 0 0 1 0 0
38104.png 0 0 0 0 0 0 0 1 0 0
8698.png 0 0 0 0 0 0 0 1 0 0
34918.png 0 0 0 0 0 0 0 1 0 0
55698.png 0 0 0 0 0 0 0 1 0 0
32395.png 0 0 0 0 0 0 0 1 0 0
27910.png 0 0 0 0 0 0 0 1 0 0
52167.png 0 0 0 0 0 0 0 1 0 0
41496.png 0 0 0 0 0 0 0 1 0 0
39503.png 0 0 0 0 0 0 0 1 0 0
19466.png 0 0 0 0 0 0 0 1 0 0
57758.png 0 0 0 0 0 0 0 1 0 0
41185.png 0 0 0 0 0 0 0 1 0 0
43079.png 0 0 0 0 0 0 0 1 0 0
29745.png 0 0 0 0 0 0 0 1 0 0
57251.png 0 0 0 0 0 0 0 1 0 0
44559.png 0 0 0 0 0 0 0 1 0 0
4088.png 0 0 0 0 0 0 0 1 0 0
926.png 0 0 0 0 0 0 0 1 0 0
56144.png 0 0 0 0 0 0 0 1 0 0
43255.png 0 0 0 0 0 0 0 1 0 0
1071.png 0 0 0 0 0 0 0 1 0 0
38553.png 0 0 0 0 0 0 0 1 0 0
56657.png 0 0 0 0 0 0 0 1 0 0
7385.png 0 0 0 0 0 0 0 1 0 0
22198.png 0 0 0 0 0 0 0 1 0 0
37919.png 0 0 0 0 0 0 0 1 0 0
6864.png 0 0 0 0 0 0 0 1 0 0
21822.png 0 0 0 0 0 0 0 1 0 0
21589.png 0 0 0 0 0 0 0 1 0 0
21340.png 0 0 0 0 0 0 0 1 0 0
3255.png 0 0 0 0 0 0 0 1 0 0
54214.png 0 0 0 0 0 0 0 1 0 0
19940.png 0 0 0 0 0 0 0 1 0 0
21857.png 0 0 0 0 0 0 0 1 0 0
26104.png 0 0 0 0 0 0 0 1 0 0
6573.png 0 0 0 0 0 0 0 1 0 0
25539.png 0 0 0 0 0 0 0 1 0 0
3989.png 0 0 0 0 0 0 0 1 0 0
21441.png 0 0 0 0 0 0 0 1 0 0
9621.png 0 0 0 0 0 0 0 1 0 0
56870.png 0 0 0 0 0 0 0 1 0 0
4782.png 0 0 0 0 0 0 0 1 0 0
53944.png 0 0 0 0 0 0 0 1 0 0
18108.png 0 0 0 0 0 0 0 1 0 0
37896.png 0 0 0 0 0 0 0 1 0 0
37200.png 0 0 0 0 0 0 0 1 0 0
45061.png 0 0 0 0 0 0 0 1 0 0
26343.png 0 0 0 0 0 0 0 1 0 0
59013.png 0 0 0 0 0 0 0 1 0 0
23571.png 0 0 0 0 0 0 0 1 0 0
33397.png 0 0 0 0 0 0 0 1 0 0
42874.png 0 0 0 0 0 0 0 1 0 0
33439.png 0 0 0 0 0 0 0 1 0 0
32185.png 0 0 0 0 0 0 0 1 0 0
55746.png 0 0 0 0 0 0 0 1 0 0
57722.png 0 0 0 0 0 0 0 1 0 0
38965.png 0 0 0 0 0 0 0 1 0 0
7641.png 0 0 0 0 0 0 0 1 0 0
43617.png 0 0 0 0 0 0 0 1 0 0
21876.png 0 0 0 0 0 0 0 1 0 0
22403.png 0 0 0 0 0 0 0 1 0 0
48759.png 0 0 0 0 0 0 0 1 0 0
4393.png 0 0 0 0 0 0 0 1 0 0
2399.png 0 0 0 0 0 0 0 1 0 0
47575.png 0 0 0 0 0 0 0 1 0 0
20010.png 0 0 0 0 0 0 0 1 0 0
39798.png 0 0 0 0 0 0 0 1 0 0
24406.png 0 0 0 0 0 0 0 1 0 0
9517.png 0 0 0 0 0 0 0 1 0 0
18537.png 0 0 0 0 0 0 0 1 0 0
58560.png 0 0 0 0 0 0 0 1 0 0
27421.png 0 0 0 0 0 0 0 1 0 0
41949.png 0 0 0 0 0 0 0 1 0 0
25755.png 0 0 0 0 0 0 0 1 0 0
32514.png 0 0 0 0 0 0 0 1 0 0
44874.png 0 0 0 0 0 0 0 1 0 0
6763.png 0 0 0 0 0 0 0 1 0 0
3213.png 0 0 0 0 0 0 0 1 0 0
35815.png 0 0 0 0 0 0 0 1 0 0
2166.png 0 0 0 0 0 0 0 0 1 0
39079.png 0 0 0 0 0 0 0 0 1 0
34893.png 0 0 0 0 0 0 0 0 1 0
7149.png 0 0 0 0 0 0 0 0 1 0
14292.png 0 0 0 0 0 0 0 0 1 0
59810.png 0 0 0 0 0 0 0 0 1 0
4245.png 0 0 0 0 0 0 0 0 1 0
31121.png 0 0 0 0 0 0 0 0 1 0
39022.png 0 0 0 0 0 0 0 0 1 0
15927.png 0 0 0 0 0 0 0 0 1 0
54115.png 0 0 0 0 0 0 0 0 1 0
20739.png 0 0 0 0 0 0 0 0 1 0
14642.png 0 0 0 0 0 0 0 0 1 0
51286.png 0 0 0 0 0 0 0 0 1 0
50408.png 0 0 0 0 0 0 0 0 1 0
10974.png 0 0 0 0 0 0 0 0 1 0
58679.png 0 0 0 0 0 0 0 0 1 0
48641.png 0 0 0 0 0 0 0 0 1 0
2593.png 0 0 0 0 0 0 0 0 1 0
39419.png 0 0 0 0 0 0 0 0 1 0
28037.png 0 0 0 0 0 0 0 0 1 0
33104.png 0 0 0 0 0 0 0 0 1 0
42897.png 0 0 0 0 0 0 0 0 1 0
38214.png 0 0 0 0 0 0 0 0 1 0
23440.png 0 0 0 0 0 0 0 0 1 0
19733.png 0 0 0 0 0 0 0 0 1 0
34712.png 0 0 0 0 0 0 0 0 1 0
12725.png 0 0 0 0 0 0 0 0 1 0
59611.png 0 0 0 0 0 0 0 0 1 0
15416.png 0 0 0 0 0 0 0 0 1 0
3745.png 0 0 0 0 0 0 0 0 1 0
8830.png 0 0 0 0 0 0 0 0 1 0
29868.png 0 0 0 0 0 0 0 0 1 0
30762.png 0 0 0 0 0 0 0 0 1 0
31456.png 0 0 0 0 0 0 0 0 1 0
44880.png 0 0 0 0 0 0 0 0 1 0
23109.png 0 0 0 0 0 0 0 0 1 0
36403.png 0 0 0 0 0 0 0 0 1 0
13729.png 0 0 0 0 0 0 0 0 1 0
8241.png 0 0 0 0 0 0 0 0 1 0
59275.png 0 0 0 0 0 0 0 0 1 0
35828.png 0 0 0 0 0 0 0 0 1 0
35707.png 0 0 0 0 0 0 0 0 1 0
13139.png 0 0 0 0 0 0 0 0 1 0
39358.png 0 0 0 0 0 0 0 0 1 0
50519.png 0 0 0 0 0 0 0 0 1 0
18067.png 0 0 0 0 0 0 0 0 1 0
50683.png 0 0 0 0 0 0 0 0 1 0
16991.png 0 0 0 0 0 0 0 0 1 0
44271.png 0 0 0 0 0 0 0 0 1 0
24629.png 0 0 0 0 0 0 0 0 1 0
18728.png 0 0 0 0 0 0 0 0 1 0
1771.png 0 0 0 0 0 0 0 0 1 0
46395.png 0 0 0 0 0 0 0 0 1 0
16729.png 0 0 0 0 0 0 0 0 1 0
18295.png 0 0 0 0 0 0 0 0 1 0
487.png 0 0 0 0 0 0 0 0 1 0
15920.png 0 0 0 0 0 0 0 0 1 0
53585.png 0 0 0 0 0 0 0 0 1 0
44420.png 0 0 0 0 0 0 0 0 1 0
41240.png 0 0 0 0 0 0 0 0 1 0
9630.png 0 0 0 0 0 0 0 0 1 0
28204.png 0 0 0 0 0 0 0 0 1 0
30647.png 0 0 0 0 0 0 0 0 1 0
26898.png 0 0 0 0 0 0 0 0 1 0
57247.png 0 0 0 0 0 0 0 0 1 0
7131.png 0 0 0 0 0 0 0 0 1 0
35671.png 0 0 0 0 0 0 0 0 1 0
23148.png 0 0 0 0 0 0 0 0 1 0
42617.png 0 0 0 0 0 0 0 0 1 0
53705.png 0 0 0 0 0 0 0 0 1 0
41962.png 0 0 0 0 0 0 0 0 1 0
32448.png 0 0 0 0 0 0 0 0 1 0
28807.png 0 0 0 0 0 0 0 0 1 0
48668.png 0 0 0 0 0 0 0 0 1 0
22531.png 0 0 0 0 0 0 0 0 1 0
10677.png 0 0 0 0 0 0 0 0 1 0
50310.png 0 0 0 0 0 0 0 0 1 0
33055.png 0 0 0 0 0 0 0 0 1 0
31695.png 0 0 0 0 0 0 0 0 1 0
222.png 0 0 0 0 0 0 0 0 1 0
12438.png 0 0 0 0 0 0 0 0 1 0
23883.png 0 0 0 0 0 0 0 0 1 0
12699.png 0 0 0 0 0 0 0 0 1 0
33655.png 0 0 0 0 0 0 0 0 1 0
58256.png 0 0 0 0 0 0 0 0 1 0
25126.png 0 0 0 0 0 0 0 0 1 0
27976.png 0 0 0 0 0 0 0 0 1 0
14854.png 0 0 0 0 0 0 0 0 1 0
47860.png 0 0 0 0 0 0 0 0 1 0
51127.png 0 0 0 0 0 0 0 0 1 0
30373.png 0 0 0 0 0 0 0 0 1 0
35881.png 0 0 0 0 0 0 0 0 1 0
20598.png 0 0 0 0 0 0 0 0 1 0
21377.png 0 0 0 0 0 0 0 0 1 0
20000.png 0 0 0 0 0 0 0 0 1 0
46675.png 0 0 0 0 0 0 0 0 1 0
51488.png 0 0 0 0 0 0 0 0 1 0
5573.png 0 0 0 0 0 0 0 0 1 0
37437.png 0 0 0 0 0 0 0 0 1 0
10078.png 0 0 0 0 0 0 0 0 0 1
24063.png 0 0 0 0 0 0 0 0 0 1
16599.png 0 0 0 0 0 0 0 0 0 1
56561.png 0 0 0 0 0 0 0 0 0 1
28601.png 0 0 0 0 0 0 0 0 0 1
26945.png 0 0 0 0 0 0 0 0 0 1
19410.png 0 0 0 0 0 0 0 0 0 1
34251.png 0 0 0 0 0 0 0 0 0 1
2498.png 0 0 0 0 0 0 0 0 0 1
6006.png 0 0 0 0 0 0 0 0 0 1
59258.png 0 0 0 0 0 0 0 0 0 1
11774.png 0 0 0 0 0 0 0 0 0 1
6525.png 0 0 0 0 0 0 0 0 0 1
46298.png 0 0 0 0 0 0 0 0 0 1
4826.png 0 0 0 0 0 0 0 0 0 1
5164.png 0 0 0 0 0 0 0 0 0 1
54723.png 0 0 0 0 0 0 0 0 0 1
55028.png 0 0 0 0 0 0 0 0 0 1
50970.png 0 0 0 0 0 0 0 0 0 1
21408.png 0 0 0 0 0 0 0 0 0 1
35706.png 0 0 0 0 0 0 0 0 0 1
51601.png 0 0 0 0 0 0 0 0 0 1
54324.png 0 0 0 0 0 0 0 0 0 1
703.png 0 0 0 0 0 0 0 0 0 1
17875.png 0 0 0 0 0 0 0 0 0 1
8565.png 0 0 0 0 0 0 0 0 0 1
17888.png 0 0 0 0 0 0 0 0 0 1
57799.png 0 0 0 0 0 0 0 0 0 1
11332.png 0 0 0 0 0 0 0 0 0 1
30412.png 0 0 0 0 0 0 0 0 0 1
36165.png 0 0 0 0 0 0 0 0 0 1
59560.png 0 0 0 0 0 0 0 0 0 1
54253.png 0 0 0 0 0 0 0 0 0 1
34078.png 0 0 0 0 0 0 0 0 0 1
33886.png 0 0 0 0 0 0 0 0 0 1
45052.png 0 0 0 0 0 0 0 0 0 1
50213.png 0 0 0 0 0 0 0 0 0 1
57710.png 0 0 0 0 0 0 0 0 0 1
44339.png 0 0 0 0 0 0 0 0 0 1
55276.png 0 0 0 0 0 0 0 0 0 1
15085.png 0 0 0 0 0 0 0 0 0 1
21696.png 0 0 0 0 0 0 0 0 0 1
22346.png 0 0 0 0 0 0 0 0 0 1
23383.png 0 0 0 0 0 0 0 0 0 1
48435.png 0 0 0 0 0 0 0 0 0 1
59470.png 0 0 0 0 0 0 0 0 0 1
21138.png 0 0 0 0 0 0 0 0 0 1
56291.png 0 0 0 0 0 0 0 0 0 1
59099.png 0 0 0 0 0 0 0 0 0 1
35178.png 0 0 0 0 0 0 0 0 0 1
37314.png 0 0 0 0 0 0 0 0 0 1
46752.png 0 0 0 0 0 0 0 0 0 1
31106.png 0 0 0 0 0 0 0 0 0 1
37737.png 0 0 0 0 0 0 0 0 0 1
7494.png 0 0 0 0 0 0 0 0 0 1
47461.png 0 0 0 0 0 0 0 0 0 1
890.png 0 0 0 0 0 0 0 0 0 1
3597.png 0 0 0 0 0 0 0 0 0 1
2380.png 0 0 0 0 0 0 0 0 0 1
40082.png 0 0 0 0 0 0 0 0 0 1
33483.png 0 0 0 0 0 0 0 0 0 1
30619.png 0 0 0 0 0 0 0 0 0 1
39427.png 0 0 0 0 0 0 0 0 0 1
12497.png 0 0 0 0 0 0 0 0 0 1
26769.png 0 0 0 0 0 0 0 0 0 1
53958.png 0 0 0 0 0 0 0 0 0 1
5390.png 0 0 0 0 0 0 0 0 0 1
46781.png 0 0 0 0 0 0 0 0 0 1
50684.png 0 0 0 0 0 0 0 0 0 1
14610.png 0 0 0 0 0 0 0 0 0 1
28376.png 0 0 0 0 0 0 0 0 0 1
33563.png 0 0 0 0 0 0 0 0 0 1
13384.png 0 0 0 0 0 0 0 0 0 1
15693.png 0 0 0 0 0 0 0 0 0 1
8754.png 0 0 0 0 0 0 0 0 0 1
50442.png 0 0 0 0 0 0 0 0 0 1
28189.png 0 0 0 0 0 0 0 0 0 1
2632.png 0 0 0 0 0 0 0 0 0 1
33937.png 0 0 0 0 0 0 0 0 0 1
13870.png 0 0 0 0 0 0 0 0 0 1
7134.png 0 0 0 0 0 0 0 0 0 1
55660.png 0 0 0 0 0 0 0 0 0 1
36329.png 0 0 0 0 0 0 0 0 0 1
59971.png 0 0 0 0 0 0 0 0 0 1
51424.png 0 0 0 0 0 0 0 0 0 1
40063.png 0 0 0 0 0 0 0 0 0 1
42343.png 0 0 0 0 0 0 0 0 0 1
36064.png 0 0 0 0 0 0 0 0 0 1
5191.png 0 0 0 0 0 0 0 0 0 1
10285.png 0 0 0 0 0 0 0 0 0 1
30578.png 0 0 0 0 0 0 0 0 0 1
14097.png 0 0 0 0 0 0 0 0 0 1
21537.png 0 0 0 0 0 0 0 0 0 1
20636.png 0 0 0 0 0 0 0 0 0 1
18539.png 0 0 0 0 0 0 0 0 0 1
54835.png 0 0 0 0 0 0 0 0 0 1
50372.png 0 0 0 0 0 0 0 0 0 1
2347.png 0 0 0 0 0 0 0 0 0 1
48408.png 0 0 0 0 0 0 0 0 0 1
30080.png 0 0 0 0 0 0 0 0 0 1
